% CoolPoles

function [CoolPoles] = CoolPoles();
CoolPoles = [255,0,61;
255,3,60;
255,6,59;
255,9,58;
255,12,57;
255,15,56;
255,18,55;
255,21,54;
255,24,53;
255,27,52;
255,30,51;
255,33,51;
255,36,50;
255,39,49;
255,42,48;
255,45,47;
255,48,46;
255,52,45;
255,55,44;
255,58,43;
255,61,42;
255,64,41;
255,67,40;
255,70,39;
255,73,38;
255,76,37;
255,79,36;
255,82,35;
255,85,34;
255,88,33;
255,91,32;
255,94,31;
255,97,30;
255,100,29;
255,103,28;
255,106,28;
255,109,27;
255,112,26;
255,115,25;
255,118,24;
255,121,23;
255,124,22;
255,127,21;
255,130,20;
255,133,19;
255,136,18;
255,139,17;
255,142,16;
255,145,15;
255,148,14;
255,152,13;
255,155,12;
255,158,11;
255,161,10;
255,164,9;
255,167,8;
255,170,7;
255,173,6;
255,176,6;
255,179,5;
255,182,4;
255,185,3;
255,188,2;
255,191,1;
255,193,0;
253,192,2;
251,191,4;
249,190,6;
247,189,8;
245,187,10;
243,186,12;
241,185,14;
238,184,16;
236,183,18;
234,182,20;
232,181,22;
230,180,24;
228,179,26;
226,178,27;
224,177,29;
222,175,31;
220,174,33;
218,173,35;
215,172,37;
213,171,39;
211,170,41;
209,169,43;
207,168,45;
205,167,47;
203,166,49;
201,165,51;
199,163,53;
197,162,54;
194,161,56;
192,160,58;
190,159,60;
188,158,62;
186,157,64;
184,156,66;
182,155,68;
180,154,70;
178,153,72;
176,151,74;
173,150,76;
171,149,78;
169,148,79;
167,147,81;
165,146,83;
163,145,85;
161,144,87;
159,143,89;
157,142,91;
155,141,93;
152,139,95;
150,138,97;
148,137,99;
146,136,101;
144,135,103;
142,134,105;
140,133,106;
138,132,108;
136,131,110;
134,130,112;
132,129,114;
129,127,116;
127,126,118;
125,125,120;
123,124,122;
121,124,124;
119,125,126;
117,126,128;
115,128,130;
113,129,132;
112,130,134;
110,131,136;
108,132,139;
106,133,141;
104,134,143;
102,135,145;
100,136,147;
98,138,149;
96,139,151;
94,140,153;
92,141,155;
90,142,157;
89,143,159;
87,144,161;
85,145,164;
83,146,166;
81,148,168;
79,149,170;
77,150,172;
75,151,174;
73,152,176;
71,153,178;
69,154,180;
68,155,182;
66,157,184;
64,158,186;
62,159,189;
60,160,191;
58,161,193;
56,162,195;
54,163,197;
52,164,199;
50,165,201;
48,167,203;
46,168,205;
45,169,207;
43,170,209;
41,171,211;
39,172,214;
37,173,216;
35,174,218;
33,175,220;
31,177,222;
29,178,224;
27,179,226;
25,180,228;
23,181,230;
22,182,232;
20,183,234;
18,184,236;
16,186,239;
14,187,241;
12,188,243;
10,189,245;
8,190,247;
6,191,249;
4,192,251;
2,193,253;
0,194,255;
0,192,255;
0,189,254;
0,186,253;
0,183,252;
0,180,251;
0,177,250;
0,174,249;
0,171,248;
0,168,247;
0,165,246;
0,162,245;
0,159,244;
0,156,242;
0,153,241;
0,150,240;
0,147,239;
0,144,238;
0,141,237;
0,137,236;
0,134,235;
0,131,234;
0,128,233;
0,125,232;
0,122,231;
0,119,230;
0,116,229;
0,113,228;
0,110,227;
0,107,226;
0,104,225;
0,101,224;
0,98,223;
0,95,222;
0,92,221;
0,89,220;
0,86,219;
0,82,217;
0,79,216;
0,76,215;
0,73,214;
0,70,213;
0,67,212;
0,64,211;
0,61,210;
0,58,209;
0,55,208;
0,52,207;
0,49,206;
0,46,205;
0,43,204;
0,40,203;
0,37,202;
0,34,201;
0,31,200;
0,27,199;
0,24,198;
0,21,197;
0,18,196;
0,15,195;
0,12,193;
0,9,192;
0,6,191;
0,3,190;
0,0,189]./255;
end