% cvi42 T1 Colormap

function [cviT1] = cviT1();
cviT1 = [127,0,194;
127,0,194;
128,0,194;
128,0,194;
129,0,194;
129,0,194;
130,0,194;
131,0,194;
131,0,194;
132,0,194;
132,0,194;
133,0,194;
133,0,194;
134,0,194;
134,0,194;
135,0,194;
135,0,194;
136,0,194;
137,0,194;
137,0,194;
138,0,194;
138,0,194;
139,0,194;
139,0,194;
140,0,194;
140,0,194;
141,0,194;
141,0,194;
142,0,194;
143,0,194;
143,0,194;
144,0,194;
144,0,194;
145,0,194;
145,0,194;
146,0,194;
146,0,194;
147,0,194;
147,0,194;
148,0,194;
149,0,194;
149,0,194;
150,0,194;
150,0,194;
151,0,194;
151,0,194;
152,0,194;
152,0,194;
153,0,194;
153,0,194;
154,0,194;
155,0,194;
155,0,194;
156,0,194;
156,0,194;
157,0,194;
157,0,194;
158,0,194;
158,0,194;
159,0,194;
159,0,194;
160,0,194;
161,0,194;
161,0,194;
162,0,194;
162,0,194;
163,0,194;
163,0,194;
164,0,194;
164,0,194;
165,0,194;
165,0,194;
166,0,194;
166,0,194;
167,0,194;
167,0,194;
168,0,194;
168,0,194;
169,0,194;
169,0,194;
170,0,194;
170,0,194;
171,0,194;
172,0,194;
172,0,194;
173,0,194;
173,0,194;
174,0,194;
174,0,194;
175,0,194;
175,0,194;
176,0,194;
176,0,194;
177,0,194;
177,0,194;
178,0,194;
178,0,194;
179,0,194;
179,0,194;
180,0,194;
180,0,194;
181,0,194;
181,0,194;
182,0,194;
182,0,194;
183,0,194;
184,0,194;
184,0,194;
185,0,194;
185,0,194;
186,0,194;
186,0,194;
187,0,194;
187,0,194;
188,0,194;
188,0,194;
189,0,194;
189,0,194;
190,0,194;
190,0,194;
191,0,194;
191,0,194;
192,0,194;
192,0,194;
193,0,194;
193,0,194;
194,0,194;
194,0,194;
195,0,194;
195,0,194;
196,0,194;
196,0,194;
197,0,194;
197,0,194;
198,0,194;
198,0,194;
199,0,194;
199,0,194;
200,0,194;
200,0,194;
200,0,194;
201,0,194;
201,0,194;
202,0,194;
202,0,194;
203,0,194;
203,0,194;
204,0,194;
204,0,194;
205,0,194;
205,0,194;
206,0,194;
206,0,194;
206,0,194;
207,0,194;
207,0,194;
208,0,194;
208,0,194;
209,0,194;
209,0,194;
210,0,194;
210,0,194;
211,0,194;
211,0,194;
212,0,194;
212,0,194;
212,0,194;
213,0,194;
213,0,194;
214,0,194;
214,0,194;
215,0,194;
215,0,194;
216,0,195;
216,0,195;
217,0,195;
217,0,195;
218,0,195;
218,0,195;
218,0,195;
219,0,195;
219,0,195;
220,0,195;
220,0,195;
221,0,195;
221,0,195;
222,0,195;
222,0,195;
223,0,195;
223,0,195;
224,0,195;
224,0,195;
224,0,195;
225,0,195;
225,0,195;
226,0,195;
226,0,195;
227,0,195;
227,0,195;
228,0,195;
228,0,195;
229,0,195;
229,0,195;
230,0,195;
230,0,195;
231,0,195;
231,0,195;
232,0,195;
232,0,195;
233,0,195;
233,0,195;
234,0,194;
234,0,194;
235,0,194;
235,0,194;
236,0,194;
236,0,194;
237,0,194;
237,0,194;
238,0,194;
238,0,194;
239,0,194;
239,0,194;
240,0,194;
240,0,194;
241,0,194;
241,0,194;
242,0,194;
242,0,194;
243,0,194;
243,0,194;
244,0,194;
244,0,194;
245,0,194;
245,0,194;
246,0,194;
246,0,194;
247,0,194;
247,0,194;
248,0,194;
248,0,194;
249,0,194;
249,0,194;
250,0,194;
250,0,194;
251,0,194;
251,0,194;
252,0,194;
252,0,194;
253,0,194;
253,0,194;
254,0,194;
254,0,194;
255,0,194;
255,0,194;
255,0,194]./255;
end
