% HotPoles

function [HotPoles] = HotPoles();
HotPoles = [255,0,0;
255,2,0;
255,4,0;
255,6,0;
255,8,0;
255,10,0;
255,12,0;
255,14,0;
255,16,0;
255,18,0;
255,20,0;
255,22,0;
255,24,0;
255,26,0;
255,28,0;
255,30,0;
255,32,0;
255,34,0;
255,36,0;
255,38,0;
255,40,0;
255,42,0;
255,44,0;
255,46,0;
255,48,0;
255,50,0;
255,52,0;
255,54,0;
255,56,0;
255,58,0;
255,60,0;
255,62,0;
255,64,0;
255,66,0;
255,68,0;
255,70,0;
255,72,0;
255,74,0;
255,76,0;
255,78,0;
255,80,0;
255,82,0;
255,83,0;
255,85,0;
255,87,0;
255,89,0;
255,91,0;
255,93,0;
255,95,0;
255,97,0;
255,99,0;
255,101,0;
255,103,0;
255,105,0;
255,107,0;
255,109,0;
255,111,0;
255,113,0;
255,115,0;
255,117,0;
255,119,0;
255,121,0;
255,123,0;
255,125,0;
255,127,0;
253,127,2;
251,127,4;
249,127,6;
247,127,8;
245,126,10;
243,126,12;
241,126,14;
238,126,16;
236,126,18;
234,126,20;
232,126,22;
230,126,24;
228,126,26;
226,126,27;
224,126,29;
222,126,31;
220,126,33;
218,126,35;
215,126,37;
213,126,39;
211,126,41;
209,126,43;
207,126,45;
205,126,47;
203,126,49;
201,125,51;
199,125,53;
197,125,54;
194,125,56;
192,125,58;
190,125,60;
188,125,62;
186,125,64;
184,125,66;
182,125,68;
180,125,70;
178,125,72;
176,125,74;
173,125,76;
171,125,78;
169,125,79;
167,125,81;
165,125,83;
163,125,85;
161,125,87;
159,124,89;
157,124,91;
155,124,93;
152,124,95;
150,124,97;
148,124,99;
146,124,101;
144,124,103;
142,124,105;
140,124,106;
138,124,108;
136,124,110;
134,124,112;
132,124,114;
129,124,116;
127,124,118;
125,124,120;
123,124,122;
121,125,124;
119,127,126;
117,129,128;
115,131,130;
113,133,132;
112,135,134;
110,137,136;
108,139,139;
106,141,141;
104,143,143;
102,145,145;
100,147,147;
98,150,149;
96,152,151;
94,154,153;
92,156,155;
90,158,157;
89,160,159;
87,162,161;
85,164,164;
83,166,166;
81,168,168;
79,170,170;
77,172,172;
75,174,174;
73,176,176;
71,179,178;
69,181,180;
68,183,182;
66,185,184;
64,187,186;
62,189,189;
60,191,191;
58,193,193;
56,195,195;
54,197,197;
52,199,199;
50,201,201;
48,203,203;
46,206,205;
45,208,207;
43,210,209;
41,212,211;
39,214,214;
37,216,216;
35,218,218;
33,220,220;
31,222,222;
29,224,224;
27,226,226;
25,228,228;
23,230,230;
22,232,232;
20,235,234;
18,237,236;
16,239,239;
14,241,241;
12,243,243;
10,245,245;
8,247,247;
6,249,249;
4,251,251;
2,253,253;
0,255,255;
0,253,255;
0,250,255;
0,247,255;
0,244,255;
0,241,255;
0,238,255;
0,235,255;
0,232,255;
0,229,255;
0,226,255;
0,223,255;
0,220,255;
0,217,255;
0,213,255;
0,210,255;
0,207,255;
0,204,255;
0,201,255;
0,198,255;
0,195,255;
0,192,255;
0,189,255;
0,186,255;
0,183,255;
0,180,255;
0,176,255;
0,173,255;
0,170,255;
0,167,255;
0,164,255;
0,161,255;
0,158,255;
0,155,255;
0,152,255;
0,149,255;
0,146,255;
0,143,255;
0,140,255;
0,136,255;
0,133,255;
0,130,255;
0,127,255;
0,124,255;
0,121,255;
0,118,255;
0,115,255;
0,112,255;
0,109,255;
0,106,255;
0,103,255;
0,100,255;
0,96,255;
0,93,255;
0,90,255;
0,87,255;
0,84,255;
0,81,255;
0,78,255;
0,75,255;
0,72,255;
0,69,255;
0,66,255;
0,63,255;
0,59,255]./255;
end