% Molli Colormap

function [Molli] = Molli();
Molli = [0,2,0;
1,2,4;
3,3,8;
4,3,12;
5,4,16;
6,4,20;
8,5,24;
9,5,28;
10,6,32;
12,6,36;
13,7,40;
14,8,44;
15,8,48;
17,9,52;
18,9,56;
19,10,60;
21,10,64;
22,11,68;
23,11,72;
24,12,76;
26,12,80;
27,13,84;
28,14,88;
30,14,92;
31,15,96;
32,15,100;
33,16,104;
35,16,108;
36,17,112;
37,17,116;
39,18,120;
40,18,124;
41,19,128;
42,20,132;
44,20,136;
45,21,140;
46,21,144;
48,22,148;
49,22,152;
50,23,156;
51,23,160;
53,24,164;
54,24,169;
55,25,173;
57,26,177;
58,26,181;
59,27,185;
60,27,189;
62,28,193;
63,28,197;
64,29,201;
66,29,205;
67,30,209;
68,30,213;
69,31,217;
71,32,221;
72,32,225;
73,33,229;
75,33,233;
76,34,237;
77,34,241;
78,35,245;
80,35,249;
81,36,253;
83,36,255;
85,36,251;
88,35,247;
90,34,243;
93,34,239;
95,33,235;
98,33,231;
101,32,227;
103,32,223;
106,31,219;
108,30,215;
111,30,211;
113,29,207;
116,29,203;
119,28,199;
121,28,195;
124,27,191;
126,26,187;
129,26,183;
131,25,179;
134,25,175;
137,24,171;
139,24,167;
142,23,162;
144,23,158;
147,22,154;
149,21,150;
152,21,146;
155,20,142;
157,20,138;
160,19,134;
162,19,130;
165,18,126;
167,17,122;
170,17,118;
172,16,114;
175,16,110;
178,15,106;
180,15,102;
183,14,98;
185,13,94;
188,13,90;
190,12,86;
193,12,82;
196,11,78;
198,11,74;
201,10,70;
203,9,66;
206,9,62;
208,8,58;
211,8,54;
214,7,50;
216,7,46;
219,6,42;
221,5,38;
224,5,34;
226,4,30;
229,4,26;
232,3,22;
234,3,18;
237,2,14;
239,1,10;
242,1,6;
244,0,2;
246,2,0;
246,5,0;
246,8,0;
246,11,0;
246,14,0;
247,17,0;
247,20,0;
247,23,0;
247,26,0;
247,29,0;
247,32,0;
248,35,0;
248,38,0;
248,41,0;
248,44,0;
248,47,0;
248,50,0;
248,53,0;
249,56,0;
249,59,0;
249,62,0;
249,65,0;
249,68,0;
249,71,0;
250,74,0;
250,77,0;
250,80,0;
250,83,0;
250,86,0;
250,89,0;
251,92,0;
251,95,0;
251,98,0;
251,101,0;
251,104,0;
251,107,0;
251,110,0;
252,113,0;
252,116,0;
252,119,0;
252,122,0;
252,125,0;
252,128,0;
253,131,0;
253,134,0;
253,137,0;
253,140,0;
253,143,0;
253,146,0;
254,149,0;
254,152,0;
254,155,0;
254,158,0;
254,161,0;
254,164,0;
254,167,0;
255,170,0;
255,173,0;
255,176,0;
255,179,0;
255,182,0;
255,185,0;
255,188,0;
255,191,0;
255,192,3;
255,193,7;
255,194,11;
255,195,15;
255,196,19;
255,197,23;
255,198,27;
255,199,31;
255,200,35;
255,201,39;
255,202,43;
255,203,47;
255,204,51;
255,205,55;
255,206,59;
255,207,63;
255,208,67;
255,209,71;
255,210,75;
255,211,79;
255,212,83;
255,213,87;
255,214,91;
255,215,95;
255,216,99;
255,217,103;
255,218,107;
255,219,111;
255,220,115;
255,221,119;
255,222,123;
255,223,127;
255,224,131;
255,225,135;
255,226,139;
255,227,143;
255,228,147;
255,229,151;
255,230,155;
255,231,159;
255,232,163;
255,233,168;
255,234,172;
255,235,176;
255,236,180;
255,237,184;
255,238,188;
255,239,192;
255,240,196;
255,241,200;
255,242,204;
255,243,208;
255,244,212;
255,245,216;
255,246,220;
255,247,224;
255,248,228;
255,249,232;
255,250,236;
255,251,240;
255,252,244;
255,253,248;
255,254,252;
255,255,255]./255;
end
