% SexyPoles Colormap

function [SexyPoles] = SexyPoles();
SexyPoles = [0,255,220;
1,255,219;
2,254,219;
3,253,218;
3,252,217;
4,251,216;
5,250,216;
6,249,215;
7,248,214;
8,247,213;
9,246,213;
10,245,212;
10,244,211;
11,243,210;
12,242,210;
13,241,209;
14,240,208;
15,239,207;
16,238,207;
17,237,206;
17,236,205;
18,235,204;
19,234,204;
20,233,203;
21,232,202;
22,231,201;
23,230,201;
24,229,200;
24,228,199;
25,227,198;
26,226,198;
27,225,197;
28,224,196;
29,223,195;
30,222,195;
31,221,194;
31,220,193;
32,219,192;
33,218,192;
34,217,191;
35,217,190;
36,216,189;
37,215,189;
38,214,188;
38,213,187;
39,212,186;
40,211,186;
41,210,185;
42,209,184;
43,208,183;
44,207,183;
45,206,182;
45,205,181;
46,204,180;
47,203,180;
48,202,179;
49,201,178;
50,200,177;
51,199,177;
51,198,176;
52,197,175;
53,196,174;
54,195,174;
55,194,173;
56,193,172;
57,192,171;
58,191,171;
59,190,170;
60,189,169;
61,187,168;
62,186,168;
63,185,167;
64,184,166;
66,183,165;
67,182,165;
68,181,164;
69,180,163;
70,179,162;
71,178,162;
72,177,161;
73,175,160;
74,174,159;
75,173,159;
76,172,158;
77,171,157;
78,170,156;
79,169,156;
80,168,155;
82,167,154;
83,166,153;
84,165,153;
85,163,152;
86,162,151;
87,161,150;
88,160,150;
89,159,149;
90,158,148;
91,157,147;
92,156,147;
93,155,146;
94,154,145;
95,153,144;
96,151,144;
98,150,143;
99,149,142;
100,148,141;
101,147,141;
102,146,140;
103,145,139;
104,144,138;
105,143,138;
106,142,137;
107,141,136;
108,139,135;
109,138,135;
110,137,134;
111,136,133;
112,135,132;
114,134,132;
115,133,131;
116,132,130;
117,131,129;
118,130,129;
119,129,128;
120,127,127;
121,126,126;
122,125,126;
123,124,125;
124,123,125;
125,122,126;
126,121,126;
127,120,127;
128,119,128;
129,118,129;
130,117,130;
131,116,130;
132,115,131;
133,114,132;
134,113,133;
135,112,133;
137,111,134;
138,110,135;
139,109,136;
140,108,137;
141,107,137;
142,106,138;
143,105,139;
144,104,140;
145,103,141;
146,102,141;
147,101,142;
148,100,143;
149,99,144;
150,98,145;
151,97,145;
152,96,146;
153,95,147;
154,94,148;
155,93,148;
156,92,149;
157,91,150;
158,90,151;
159,89,152;
160,88,152;
161,87,153;
162,86,154;
163,85,155;
164,84,156;
165,83,156;
166,82,157;
167,81,158;
168,80,159;
169,79,159;
171,78,160;
172,77,161;
173,76,162;
174,75,163;
175,74,163;
176,73,164;
177,72,165;
178,71,166;
179,70,167;
180,69,167;
181,68,168;
182,67,169;
183,66,170;
184,65,171;
185,64,171;
186,63,172;
187,62,173;
188,61,174;
189,60,174;
190,59,175;
191,58,176;
192,57,177;
193,56,177;
194,55,178;
195,54,179;
196,53,179;
197,52,180;
198,51,181;
199,50,181;
201,49,182;
202,49,183;
203,48,183;
204,47,184;
205,46,185;
206,45,186;
207,44,186;
208,43,187;
209,42,188;
210,41,188;
211,40,189;
212,39,190;
213,38,190;
214,37,191;
215,36,192;
216,35,192;
217,35,193;
218,34,194;
219,33,195;
220,32,195;
221,31,196;
222,30,197;
223,29,197;
225,28,198;
226,27,199;
227,26,199;
228,25,200;
229,24,201;
230,23,201;
231,22,202;
232,21,203;
233,21,203;
234,20,204;
235,19,205;
236,18,206;
237,17,206;
238,16,207;
239,15,208;
240,14,208;
241,13,209;
242,12,210;
243,11,210;
244,10,211;
245,9,212;
246,8,212;
247,7,213;
248,7,214;
250,6,215;
251,5,215;
252,4,216;
253,3,217;
254,2,217;
255,1,218;
255,0,219]./255;
end
